1005008067518887
1005010621434555
1005010452171540
1005009876403683
1005007138811658
1005008156937503
1005007215183923
1005010538459052
1005010286851145
1005008944146320
1005011559299172
1005010017932433
1005010208742391
1005010528845592
1005010796035063
1005010455923134
1005010797651346
1005010398623690
1005010658910932
1005010645353631
1005010738940684
1005010310060557
1005010050084111
1005009364765993
1005010139648863
1005007017004324
1005010127444157
1005010026605109
1005009403344750
1005010153267258
1005007291039616
1005010156095691
1005009894231983
1005008741576859
1005006990076685
1005010116706092
1005010490648803
1005010058165540
1005008352487546
1005009991722163
1005010550727012
1005011585847453
1005010642281304
1005011583665402
1005010645577358
1005010758213562
1005011583701362
1005010732047148
1005010732080182
1005010717391830
1005011583711331
1005010315256200
1005010684407433
1005008823964814
1005008820451750
1005009248803742
1005009560735270
1005010582017556
1005008825346640
1005009970982678
1005008614305286
1005008740271355
1005010783700047
1005010430101670
1005009501647838
1005010577851133
1005009761651158
1005010071717714
1005010577668588
1005010630492724
1005008384528336
1005009932705923
1005010553664515
1005009221152918
1005008867711497
1005010756689312
1005008804270660
1005010610158697
1005010593935475
1005010264146644
1005010364627928
1005010583677917
1005010484150382
1005010523317818
1005011582991716
1005010594741600
1005010583772622
1005008010631008
1005008677789355
1005010583814607
1005010484071665
1005010634736495
1005010305721929
1005009245596575
1005010675801563
1005010684339666
1005010544185575
1005010475474164
1005010661412310
1005010579415995
1005010712188242
1005009492905439
1005006760295029
1005008553797084
1005010805590415
1005006603458052
1005007842681571
1005010777870846
1005010795902824
1005008666491163
1005009665454729
1005010807433890
1005010806014874
1005011544066072
1005011584606068
1005011580854094
1005010760263511
1005010313950026
1005011540516632
1005011583906544
1005010314155264
